336,1030,1032,1035,1025,1192,350,1179
mom

1277,152,1294,147,1293,176,1276,179
TES

1257,162,1271,157,1269,186,1256,189
NT

1474,196,1511,200,1510,221,1474,217
SUPPORT

372,1471,558,1471,558,1517,372,1517
Sunday,

576,1479,672,1479,672,1521,576,1521
May

687,1482,734,1482,734,1515,687,1515
13

370,1438,508,1438,508,1464,371,1464
Mother's

520,1440,583,1441,583,1472,520,1472
Day

595,1443,618,1443,618,1468,595,1468
is

360,1279,458,1279,458,1335,360,1335
for

481,1284,621,1285,621,1341,483,1340
less.

352,1209,514,1209,514,1268,352,1268
Gifts

538,1215,701,1215,701,1272,538,1272
she'll

731,1216,875,1219,873,1275,731,1272
love

322,860,509,860,516,1004,322,1000
all

554,863,815,863,815,1007,554,1007
for

