92,891,1007,930,1010,1076,80,1063
Bestsellers

123,701,1103,776,1112,898,105,853
Non-Fiction

1379,805,1472,803,1500,949,1407,952
%

1184,794,1374,802,1428,1069,1222,1078
30

1428,1037,1520,1038,1527,1070,1432,1069
LIST PRICE

1409,951,1502,954,1510,1031,1424,1031
OFF

1707,828,1786,829,1821,963,1743,963
%

1766,1044,1847,1046,1856,1075,1775,1074
LIST PRICE

1745,964,1826,967,1836,1039,1762,1038
OFF

1555,821,1696,824,1768,1076,1579,1073
40

1531,779,1772,796,1777,831,1539,814
Members Save

1254,1280,1347,1280,1347,1313,1254,1313
Business

1444,1445,1520,1427,1522,1447,1447,1466
LOBR BOOK

1435,1424,1515,1407,1520,1429,1442,1449
GIRLBOSS

1371,1420,1401,1414,1404,1434,1374,1441
RLB

1218,1491,1310,1485,1310,1500,1223,1507
SCOTT ADANS

1214,1436,1303,1432,1302,1459,1215,1466
BIGLY

1221,1407,1288,1405,1290,1431,1227,1436
WIN

1679,1299,1755,1288,1761,1320,1687,1327
Barnes &

1788,1294,1814,1294,1814,1314,1788,1314
Wn

1800,1315,1838,1315,1838,1339,1800,1339
KIPS

1850,1264,1921,1264,1921,1296,1850,1296
Business

1522,1452,1562,1452,1562,1469,1522,1469
DERSH

459,1310,579,1306,579,1339,459,1342
Business

844,1429,850,1527,828,1530,827,1427
THE TOYOTA

902,1522,949,1509,952,1536,905,1536
YALR

891,1498,946,1488,950,1514,894,1527
LIAVC

664,1282,1209,1282,1209,1328,664,1328
###

883,1448,958,1448,958,1498,883,1498
###

1410,1277,1480,1277,1480,1303,1410,1303
###

45,1430,70,1430,70,1453,45,1453
u

81,1479,106,1479,106,1536,81,1536
###

101,1510,122,1510,122,1536,101,1536
###

127,1477,149,1477,149,1536,127,1536
###

153,1461,179,1461,179,1536,153,1536
###

176,1457,204,1457,204,1536,176,1536
###

205,1471,238,1471,238,1536,205,1536
###

231,1463,254,1463,254,1536,231,1536
###

253,1463,280,1463,280,1536,253,1536
###

275,1462,300,1462,300,1536,275,1536
###

300,1480,319,1480,319,1536,300,1536
###

323,1471,343,1471,343,1536,323,1536
###

337,1487,396,1487,396,1536,337,1536
###

398,1497,415,1497,415,1536,398,1536
###

417,1465,441,1465,441,1536,417,1536
###

445,1463,468,1463,468,1536,445,1536
###

468,1455,496,1455,496,1536,468,1536
###

494,1454,519,1454,519,1536,494,1536
###

517,1449,537,1449,537,1536,517,1536
###

580,1455,604,1455,604,1536,580,1536
###

611,1449,632,1449,632,1536,611,1536
###

617,1374,713,1369,713,1392,614,1396
###

638,1451,702,1451,702,1536,638,1536
###

704,1470,717,1470,717,1536,704,1536
###

808,1448,828,1448,828,1536,808,1536
###

789,1439,804,1439,804,1536,789,1536
###

762,1451,785,1451,785,1536,762,1536
###

746,1461,761,1461,761,1536,746,1536
###

734,1453,744,1453,744,1536,734,1536
###

715,1467,730,1467,730,1536,715,1536
###

1190,1418,1219,1418,1219,1536,1190,1536
###

1036,1420,1082,1420,1082,1536,1036,1536
###

987,1434,1015,1434,1015,1536,987,1536
###

1968,1266,2024,1266,2024,1283,1968,1283
###

1933,1314,2023,1314,2023,1332,1933,1332
###

