105,903,1007,924,1010,1067,88,1058
Bestsellers

1383,811,1467,808,1496,945,1410,948
%

1187,797,1374,804,1428,1069,1228,1078
30

1409,951,1500,954,1510,1031,1424,1031
OFF

1707,831,1782,832,1817,960,1743,960
%

1745,964,1823,967,1838,1039,1762,1038
OFF

1547,824,1696,827,1768,1077,1587,1077
40

1257,1282,1347,1282,1347,1311,1257,1311
Business

1439,1430,1511,1409,1517,1427,1444,1447
GIRLBOSS

1371,1420,1401,1414,1404,1434,1374,1441
RLB

1218,1440,1303,1433,1302,1459,1219,1466
BIGLY

1223,1409,1286,1407,1288,1431,1229,1436
WIN

1788,1294,1814,1294,1814,1314,1788,1314
Wn

1800,1315,1838,1315,1838,1339,1800,1339
KIPS

1852,1267,1919,1267,1925,1291,1856,1293
Business

1522,1452,1562,1452,1562,1469,1522,1469
DERSH

461,1315,579,1309,579,1334,461,1340
Business

902,1522,949,1509,952,1536,905,1536
YALR

891,1498,946,1488,950,1514,894,1527
LIAVC

133,706,513,744,508,875,112,849
Non

504,802,573,802,573,832,504,832
-

574,737,1090,778,1110,898,571,868
Fiction

1429,1038,1465,1038,1470,1067,1434,1068
LIST

1471,1040,1519,1040,1525,1068,1476,1068
PRICE

1534,779,1686,790,1694,823,1542,813
Members

1697,791,1770,795,1776,829,1705,826
Save

1768,1046,1799,1046,1805,1074,1775,1074
LIST

1804,1048,1846,1048,1854,1075,1811,1075
PRICE

845,1437,846,1469,830,1470,829,1438
THE

847,1472,849,1532,832,1533,830,1469
TOYOTA

1221,1493,1262,1491,1262,1504,1221,1506
SCOTT

1263,1490,1311,1487,1312,1501,1265,1504
ADANS

1445,1446,1485,1439,1489,1455,1449,1462
LOBR

1482,1437,1517,1427,1522,1442,1489,1453
BOOK

1015,1284,1192,1284,1192,1314,1015,1314
###

671,1305,764,1305,764,1324,671,1324
###

884,1460,962,1460,962,1496,884,1496
###

1413,1282,1483,1282,1483,1301,1413,1301
###

1971,1274,2020,1274,2020,1288,1971,1288
###

1936,1321,2019,1321,2019,1337,1936,1337
###

614,1360,711,1360,711,1387,614,1387
###

804,1439,829,1439,829,1530,804,1530
###

784,1430,801,1430,801,1530,784,1530
###

747,1456,761,1456,761,1530,747,1530
###

731,1439,746,1439,746,1530,731,1530
###

719,1463,733,1463,733,1530,719,1530
###

181,1460,203,1460,203,1530,181,1530
###

41,1419,70,1419,70,1447,41,1447
u

77,1473,104,1473,104,1534,77,1534
###

97,1503,126,1503,126,1534,97,1534
###

124,1474,150,1474,150,1534,124,1534
###

150,1464,174,1464,174,1534,150,1534
###

200,1486,221,1486,221,1534,200,1534
###

216,1469,241,1469,241,1534,216,1534
###

234,1457,254,1457,254,1534,234,1534
###

253,1457,279,1457,279,1534,253,1534
###

277,1456,301,1456,301,1534,277,1534
###

296,1469,321,1469,321,1534,296,1534
###

326,1466,343,1466,343,1534,326,1534
###

636,1436,654,1436,654,1534,636,1534
###

613,1440,629,1440,629,1534,613,1534
###

580,1449,603,1449,603,1534,580,1534
###

519,1444,539,1444,539,1534,519,1534
###

493,1446,519,1446,519,1534,493,1534
###

467,1443,496,1443,496,1534,467,1534
###

440,1456,470,1456,470,1534,440,1534
###

420,1459,443,1459,443,1534,420,1534
###

397,1487,414,1487,414,1534,397,1534
###

1191,1406,1221,1406,1221,1534,1191,1534
###

1059,1429,1084,1429,1084,1534,1059,1534
###

1013,1449,1047,1449,1047,1534,1013,1534
###

976,1423,1013,1423,1013,1534,976,1534
###

1681,1302,1757,1291,1760,1313,1689,1326
Barnes&

