502,1946,957,1984,954,2037,507,1999
LYNN GRABHORN

75,1718,116,1718,116,1760,75,1760
D

862,1822,900,1822,900,1879,862,1879
$

900,1774,1090,1774,1090,1889,900,1889
7.98

831,1773,903,1777,899,1807,830,1801
ONLY

205,1468,1274,1525,1268,1584,212,1525
THE ASFTONISHING POWER OF FEELINGS

180,1192,1294,1236,1276,1471,201,1418
IS WAITING

125,910,1311,926,1283,1203,177,1172
YOUR LIFE

110,618,1351,629,1347,911,137,884
EXCUSE ME,

2,1228,83,1228,83,1345,2,1345
T

1435,1863,1462,1863,1462,1888,1435,1888
B

213,177,1209,134,1209,189,221,232
THE NEW YORK TIMES BEST SELLER

781,1662,1132,1687,1129,1745,785,1716
Bargain Preced

1516,1255,1530,1289,1513,1545,1487,1540
###

