75,1718,116,1718,116,1760,75,1760
D

867,1823,892,1823,892,1873,867,1873
$

906,1777,1087,1777,1087,1882,906,1882
7.98

834,1773,901,1778,897,1802,833,1797
ONLY

2,1228,83,1228,83,1345,2,1345
T

1435,1863,1462,1863,1462,1888,1435,1888
B

111,627,892,627,892,886,136,878
EXCUSE

993,633,1346,633,1346,904,989,897
ME,

136,920,703,920,703,1176,136,1176
YOUR

796,930,1303,930,1303,1192,796,1192
LIFE

194,1203,371,1203,371,1415,194,1415
IS

446,1208,1293,1241,1277,1465,456,1422
WAITING

209,1472,300,1479,303,1528,209,1521
THE

339,1481,659,1495,659,1546,337,1530
ASFTONISHING

696,1497,870,1505,872,1557,698,1546
POWER

908,1508,973,1508,973,1560,908,1560
OF

1011,1513,1267,1529,1264,1581,1009,1565
FEELINGS

509,1947,631,1960,631,2006,511,1993
LYNN

669,1961,951,1988,950,2033,670,2010
GRABHORN

787,1664,961,1682,961,1728,787,1713
Bargain

980,1678,1129,1693,1127,1729,980,1716
Preced

218,183,316,179,321,224,220,230
THE

338,175,458,175,458,223,338,223
NEW

473,170,623,163,620,210,476,218
YORK

641,162,806,153,807,203,639,210
TIMES

828,154,971,147,970,196,828,203
BEST

990,146,1206,139,1205,189,989,195
SELLER

1518,1255,1533,1300,1510,1542,1485,1540
###

