890,1093,1004,1093,1004,1197,890,1197
of

488,1245,1414,1199,1420,1422,508,1456
DIETING

686,1485,1238,1459,1239,1501,686,1522
HOW TO LIVE FOR LIFE

1235,1570,1403,1570,1403,1609,1235,1609
New York

1269,1609,1375,1609,1375,1642,1269,1642
Times

1228,1643,1416,1643,1416,1678,1228,1678
Bestseller

587,1875,1366,1847,1368,1930,592,1954
JOEL FUHRMAN, M.D.

596,1976,1373,1948,1370,1982,595,2010
#1 New York Times Bestselling Author of EAT TO LIVE

836,750,1033,743,1033,847,839,855
the

625,804,1237,769,1243,1050,650,1081
End

670,605,1170,571,1168,629,667,657
A Proven Strategy for

426,689,1430,621,1431,678,430,739
 Permanent Weight Loss and Lifelong Health

1502,1213,1533,1213,1533,1520,1502,1520
###

