894,1097,1004,1097,1004,1193,894,1193
of

486,1247,1420,1202,1420,1419,508,1458
DIETING

1273,1612,1373,1612,1373,1640,1273,1640
Times

1231,1646,1412,1646,1412,1676,1231,1676
Bestseller

836,750,1029,750,1029,854,836,854
the

623,805,1226,770,1240,1049,645,1081
End

598,1876,769,1876,769,1943,598,1947
JOEL

793,1872,1170,1857,1173,1933,801,1947
FUHRMAN,

1209,1854,1287,1854,1287,1925,1209,1925
M.

1300,1854,1365,1854,1365,1920,1300,1920
D.

602,1979,633,1978,633,1997,602,1998
#1

647,1979,708,1979,708,1999,647,1999
New

715,1976,775,1976,775,1996,715,1996
York

784,1973,866,1973,866,1995,784,1995
Times

876,1969,1036,1966,1036,1992,877,1992
Bestselling

1047,1963,1145,1961,1145,1984,1047,1986
Author

1154,1958,1182,1958,1182,1981,1154,1981
of

1192,1958,1247,1956,1247,1978,1192,1978
EAT

1255,1956,1292,1956,1292,1975,1255,1975
TO

1302,1952,1367,1950,1367,1972,1302,1974
LIVE

691,1488,794,1482,793,1513,689,1518
HOW

814,1482,869,1480,869,1512,814,1512
TO

892,1478,992,1473,994,1506,894,1509
LIVE

1017,1473,1108,1471,1108,1503,1017,1503
FOR

1131,1467,1235,1465,1235,1496,1131,1499
LIFE

1242,1578,1317,1578,1317,1604,1242,1604
New

1329,1573,1400,1573,1400,1601,1329,1601
York

428,691,676,675,679,712,432,728
Permanent

687,673,843,663,845,712,692,722
Weight

859,663,960,657,962,695,861,701
Loss

975,655,1055,650,1055,689,976,694
and

1072,647,1257,638,1257,684,1074,693
Lifelong

1275,634,1427,624,1427,664,1275,673
Health

719,604,872,599,876,637,721,643
Proven

888,592,1083,586,1083,630,889,635
Strategy

1099,577,1165,577,1165,618,1099,618
for

1509,1224,1535,1224,1535,1504,1502,1504
###

674,606,707,606,707,645,674,645
A

