205,484,371,490,372,527,206,527
TANNERY

233,361,261,364,261,377,233,374
NEW

315,372,346,377,346,388,315,384
YORK

234,702,312,687,312,699,234,715
DEPARTMENT

319,686,345,681,345,693,319,698
1937

233,681,273,675,274,688,234,694
STATE

281,673,346,664,345,676,281,686
EDUCATIUN

244,598,264,596,264,621,244,623
IN

292,594,345,589,346,611,293,618
1805.

93,548,176,548,176,574,93,577
BUILT

200,547,228,547,228,572,200,573
BY

247,544,333,543,333,565,247,570
LUTHER

352,543,435,540,435,560,352,564
FILLMORE

238,439,296,444,297,467,239,463
SITE

320,445,343,447,343,470,320,468
OF

