617,2893,732,2924,711,2969,602,2932
EVERYDAY

645,2842,740,2863,727,2907,634,2882
Beer $5

654,2789,752,2809,738,2857,644,2832
Wine $5

662,2737,769,2753,754,2804,644,2783
cocktail $6

648,2680,785,2702,772,2746,635,2719
From 12 PM 108 PM

679,2608,706,2613,692,2677,665,2669
H

737,2614,782,2623,764,2689,719,2680
UR

682,2514,814,2538,797,2616,664,2585
HAPPY

598,2474,637,2454,640,2463,602,2481
###

617,2480,639,2467,643,2475,620,2487
###

2183,3164,2186,3235,2171,3240,2169,3169
SID.K

2198,3156,2200,3225,2187,3231,2182,3163
QBRIK

2176,3018,2187,3141,2169,3149,2160,3021
MANE

2198,3003,2203,3141,2186,3142,2179,3005
DEBLF

2159,2956,2194,2956,2194,2981,2159,2981
AVER

2164,2978,2193,2978,2193,3005,2164,3005
EBA

2150,2957,2158,2957,2158,2979,2150,2979
###

2152,2980,2158,2980,2158,3003,2152,3003
###

2188,2574,2189,2614,2171,2616,2170,2574
IN

2168,2580,2170,2634,2160,2635,2159,2580
SMUG

2190,2615,2192,2675,2173,2679,2172,2618
###

2170,2649,2171,2677,2162,2676,2161,2648
###

1774,2457,1902,2470,1902,2517,1771,2502
OPEN

1804,2434,1861,2440,1861,2462,1804,2455
WE'RE

1778,2380,1905,2391,1901,2440,1772,2429
Come hi

1765,2041,1889,2041,1889,2068,1765,2068
Thailand Catc

1732,1950,1913,1950,1913,2022,1732,2022
###

2147,1916,2184,1916,2184,1979,2147,1979
###

2159,2303,2181,2303,2181,2319,2159,2319
SO!

2157,2321,2181,2321,2181,2336,2157,2336
ICKY

2181,2393,2180,2481,2153,2479,2155,2391
###

1115,2108,1168,2108,1168,2197,1115,2197
A

1156,2209,1171,2209,1171,2218,1156,2218
###

1118,2327,1110,1970,1087,1972,1093,2329
###

717,1170,1816,675,1821,919,713,1342
Thailand Cafe

760,2086,814,2086,814,2104,760,2104
###

747,2024,824,2024,824,2074,747,2074
###

178,1922,203,1922,203,1967,178,1967
93

180,1970,204,1970,204,1980,180,1980
###

11,1030,106,1030,106,1084,11,1084
afe

0,1028,6,1028,6,1065,0,1065
###

2137,1422,2157,1422,2157,1442,2137,1442
SIK

2136,1445,2159,1445,2159,1465,2136,1465
ZIA

1368,2347,1416,2349,1416,2519,1369,2515
###

1373,2168,1413,2168,1415,2338,1368,2337
###

1376,1991,1412,1990,1413,2153,1377,2154
###

1360,1788,1408,1785,1411,1964,1368,1967
###

2766,1916,2850,1924,2824,2091,2741,2078
###

2749,1799,2826,1769,2861,1871,2779,1897
###

2926,1915,3017,1910,3019,2090,2933,2099
###

2729,1693,2765,1693,2765,1717,2729,1717
###

2707,1726,2780,1726,2780,1743,2707,1743
###

