617,2890,732,2921,716,2969,602,2932
EVERYDAY

679,2608,706,2613,692,2677,665,2669
H

737,2614,782,2623,764,2689,719,2680
UR

682,2514,814,2538,797,2616,664,2585
HAPPY

598,2474,637,2454,640,2463,602,2481
###

617,2480,639,2467,643,2475,620,2487
###

2183,3164,2186,3235,2171,3240,2169,3169
SID.K

2198,3156,2200,3225,2187,3231,2182,3163
QBRIK

2176,3018,2187,3141,2169,3149,2160,3021
MANE

2198,3003,2203,3141,2186,3142,2179,3005
DEBLF

2159,2956,2194,2956,2194,2981,2159,2981
AVER

2164,2978,2193,2978,2193,3005,2164,3005
EBA

2150,2957,2158,2957,2158,2979,2150,2979
###

2152,2980,2158,2980,2158,3003,2152,3003
###

2188,2574,2189,2614,2171,2616,2170,2574
IN

2168,2580,2170,2634,2160,2635,2159,2580
SMUG

2190,2615,2192,2675,2173,2679,2172,2618
###

2170,2649,2171,2677,2162,2676,2161,2648
###

1774,2457,1902,2470,1902,2517,1771,2502
OPEN

1804,2434,1861,2440,1861,2462,1804,2455
WE'RE

1732,1950,1913,1950,1913,2022,1732,2022
###

2147,1916,2184,1916,2184,1979,2147,1979
###

2159,2303,2181,2303,2181,2319,2159,2319
SO!

2157,2321,2181,2321,2181,2336,2157,2336
ICKY

2181,2393,2180,2481,2153,2479,2155,2391
###

1115,2108,1168,2108,1168,2197,1115,2197
A

1156,2209,1171,2209,1171,2218,1156,2218
###

1118,2327,1110,1970,1087,1972,1093,2329
###

760,2086,814,2086,814,2104,760,2104
###

747,2024,824,2024,824,2074,747,2074
###

178,1922,203,1922,203,1967,178,1967
93

180,1970,204,1970,204,1980,180,1980
###

11,1030,106,1030,106,1084,11,1084
afe

0,1028,6,1028,6,1065,0,1065
###

2137,1422,2157,1422,2157,1442,2137,1442
SIK

2136,1445,2159,1445,2159,1465,2136,1465
ZIA

1368,2347,1416,2349,1416,2519,1369,2515
###

1373,2168,1413,2168,1415,2338,1368,2337
###

1376,1991,1412,1990,1413,2153,1377,2154
###

1360,1788,1408,1785,1411,1964,1368,1967
###

2766,1916,2850,1924,2824,2091,2741,2078
###

2749,1799,2826,1769,2861,1871,2779,1897
###

2926,1915,3017,1910,3019,2090,2933,2099
###

2729,1693,2765,1693,2765,1717,2729,1717
###

2707,1726,2780,1726,2780,1743,2707,1743
###

715,1176,1248,934,1254,1140,711,1343
Thailand

1326,883,1811,684,1820,934,1327,1110
Cafe

645,2842,697,2855,681,2897,628,2881
Beer

703,2850,721,2857,704,2902,687,2895
$

724,2858,742,2865,725,2905,709,2898
5

652,2797,702,2806,692,2845,641,2833
Wine

717,2800,733,2803,718,2850,700,2845
$

735,2809,752,2813,739,2855,722,2850
5

661,2731,729,2745,717,2801,646,2783
cocktail

734,2746,750,2748,735,2799,721,2794
$

753,2752,768,2757,754,2802,738,2797
6

648,2679,688,2689,676,2727,636,2715
From

691,2695,727,2705,716,2734,680,2724
12PM

729,2700,784,2712,774,2746,721,2733
108PM

1764,2045,1842,2045,1842,2069,1764,2069
Thailand

1851,2041,1889,2041,1889,2065,1851,2065
Catc

1774,2382,1849,2382,1849,2431,1774,2431
Come

1857,2391,1902,2391,1902,2431,1857,2431
hi

