2252,1398,2384,1398,2384,1428,2252,1428
HOURS

2254,1322,2385,1322,2385,1398,2254,1398
24

2261,1301,2318,1301,2318,1320,2261,1320
OPEN

2534,1353,2723,1353,2723,1398,2534,1398
PHARMACY

2383,1073,2637,1073,2637,1111,2383,1111
CVS/pharmacy

2583,1105,2617,1105,2617,1110,2583,1110
###

3264,1108,3523,1108,3523,1148,3264,1148
CVS/pharmacy

3467,1142,3503,1142,3503,1147,3467,1147
###

3413,1388,3481,1388,3481,1418,3413,1418
alth

3314,1384,3407,1384,3407,1407,3314,1407
###

3256,1382,3296,1382,3296,1403,3256,1403
###

2783,2278,2850,2340,2713,2345,2668,2277
30"

2643,2267,2690,2340,2583,2353,2542,2273
###

2378,2263,2383,2269,2126,2263,2127,2257
###

2344,2327,2352,2361,2199,2362,2192,2323
G

2318,2382,2324,2443,2237,2446,2233,2379
m

1863,2189,1737,2501,0,2401,584,2135
###

