face_num: 1
88.000000 643.000000
84.500000 681.500000
81.000000 720.000000
80.000000 757.000000
79.000000 794.000000
86.500000 829.000000
94.000000 864.000000
105.000000 898.500000
116.000000 933.000000
131.000000 963.000000
146.000000 993.000000
165.000000 1019.500000
184.000000 1046.000000
205.500000 1070.500000
227.000000 1095.000000
253.500000 1115.500000
280.000000 1136.000000
316.000000 1143.000000
352.000000 1150.000000
392.500000 1142.500000
433.000000 1135.000000
467.000000 1115.500000
501.000000 1096.000000
529.500000 1071.000000
558.000000 1046.000000
582.500000 1016.000000
607.000000 986.000000
623.000000 951.000000
639.000000 916.000000
646.000000 881.500000
653.000000 847.000000
656.000000 811.500000
659.000000 776.000000
658.500000 740.500000
658.000000 705.000000
653.500000 670.000000
649.000000 635.000000
92.000000 605.000000
110.000000 574.000000
126.000000 567.000000
142.000000 560.000000
160.500000 559.500000
179.000000 559.000000
196.000000 562.500000
213.000000 566.000000
225.500000 578.500000
238.000000 591.000000
222.500000 592.500000
207.000000 594.000000
192.000000 593.000000
177.000000 592.000000
161.500000 592.000000
146.000000 592.000000
132.000000 594.500000
118.000000 597.000000
365.000000 598.000000
383.000000 583.000000
401.000000 568.000000
424.000000 563.000000
447.000000 558.000000
472.000000 557.500000
497.000000 557.000000
521.000000 561.500000
545.000000 566.000000
586.000000 598.000000
540.000000 595.000000
518.000000 593.500000
496.000000 592.000000
474.000000 593.000000
452.000000 594.000000
430.500000 597.000000
409.000000 600.000000
387.000000 599.000000
120.000000 673.000000
126.500000 665.000000
133.000000 657.000000
142.000000 653.000000
151.000000 649.000000
161.500000 647.500000
172.000000 646.000000
184.500000 647.500000
197.000000 649.000000
208.500000 653.500000
220.000000 658.000000
229.500000 667.000000
239.000000 676.000000
227.500000 678.000000
216.000000 680.000000
205.000000 681.500000
194.000000 683.000000
183.000000 684.000000
172.000000 685.000000
162.500000 684.500000
153.000000 684.000000
144.500000 682.500000
136.000000 681.000000
128.000000 677.000000
175.000000 668.000000
397.000000 666.000000
408.500000 664.500000
420.000000 663.000000
430.500000 663.000000
441.000000 663.000000
452.500000 663.500000
464.000000 664.000000
477.000000 664.500000
490.000000 665.000000
502.000000 666.500000
514.000000 668.000000
527.000000 670.000000
540.000000 672.000000
527.000000 670.000000
514.000000 668.000000
502.000000 666.500000
490.000000 665.000000
477.500000 664.500000
465.000000 664.000000
453.500000 663.500000
442.000000 663.000000
431.000000 663.500000
420.000000 664.000000
408.500000 665.000000
466.000000 665.000000
268.000000 660.000000
265.000000 720.000000
258.000000 784.000000
228.000000 826.000000
248.000000 865.000000
274.000000 861.500000
300.000000 858.000000
315.000000 856.000000
330.000000 855.000000
364.500000 854.000000
399.000000 853.000000
414.000000 810.000000
368.000000 775.000000
360.000000 714.000000
357.000000 656.000000
311.000000 652.000000
309.500000 704.000000
308.000000 756.000000
307.000000 807.000000
211.000000 973.000000
227.500000 962.000000
244.000000 951.000000
265.500000 942.500000
287.000000 934.000000
306.000000 936.500000
325.000000 939.000000
344.000000 933.000000
363.000000 927.000000
391.500000 930.500000
420.000000 934.000000
447.000000 939.500000
474.000000 945.000000
456.000000 964.500000
438.000000 984.000000
416.000000 998.000000
394.000000 1012.000000
365.500000 1019.000000
337.000000 1026.000000
311.000000 1024.000000
285.000000 1022.000000
265.000000 1012.500000
245.000000 1003.000000
234.000000 988.000000
223.000000 973.000000
249.500000 971.500000
276.000000 970.000000
303.000000 970.500000
330.000000 971.000000
362.000000 965.000000
394.000000 959.000000
427.500000 954.000000
461.000000 949.000000
428.500000 955.000000
396.000000 961.000000
363.000000 967.500000
330.000000 974.000000
303.000000 974.000000
276.000000 974.000000
249.500000 973.500000
