face_num: 1
312.000000 423.000000
304.000000 437.000000
296.000000 451.000000
289.500000 465.000000
283.000000 479.000000
278.500000 494.500000
274.000000 510.000000
271.000000 525.500000
268.000000 541.000000
268.000000 556.500000
268.000000 572.000000
270.500000 587.000000
273.000000 602.000000
278.000000 616.000000
283.000000 630.000000
291.500000 643.500000
300.000000 657.000000
313.500000 667.500000
327.000000 678.000000
346.000000 685.000000
365.000000 692.000000
384.500000 694.000000
404.000000 696.000000
422.500000 693.500000
441.000000 691.000000
458.000000 684.500000
475.000000 678.000000
487.500000 664.500000
500.000000 651.000000
511.500000 637.000000
523.000000 623.000000
532.000000 607.500000
541.000000 592.000000
547.500000 576.000000
554.000000 560.000000
559.000000 542.500000
564.000000 525.000000
327.000000 409.000000
345.000000 400.000000
355.000000 401.000000
365.000000 402.000000
374.000000 406.000000
383.000000 410.000000
391.000000 415.000000
399.000000 420.000000
404.000000 428.000000
409.000000 436.000000
400.500000 433.500000
392.000000 431.000000
384.500000 427.000000
377.000000 423.000000
368.500000 419.500000
360.000000 416.000000
351.500000 414.000000
343.000000 412.000000
464.000000 456.000000
473.500000 452.000000
483.000000 448.000000
493.500000 449.500000
504.000000 451.000000
514.000000 455.000000
524.000000 459.000000
532.000000 465.000000
540.000000 471.000000
549.000000 491.000000
533.000000 482.000000
525.000000 478.000000
517.000000 474.000000
508.500000 471.000000
500.000000 468.000000
491.000000 465.500000
482.000000 463.000000
473.000000 459.500000
330.000000 445.000000
335.500000 443.500000
341.000000 442.000000
346.500000 442.000000
352.000000 442.000000
357.500000 443.000000
363.000000 444.000000
368.500000 446.500000
374.000000 449.000000
378.000000 452.500000
382.000000 456.000000
385.000000 461.500000
388.000000 467.000000
383.000000 466.500000
378.000000 466.000000
373.000000 465.000000
368.000000 464.000000
362.500000 462.500000
357.000000 461.000000
352.000000 459.000000
347.000000 457.000000
342.500000 454.500000
338.000000 452.000000
334.000000 448.500000
359.000000 453.000000
457.000000 496.000000
462.500000 493.500000
468.000000 491.000000
474.000000 490.500000
480.000000 490.000000
486.000000 491.000000
492.000000 492.000000
497.500000 495.000000
503.000000 498.000000
507.500000 501.500000
512.000000 505.000000
515.000000 510.000000
518.000000 515.000000
512.500000 514.500000
507.000000 514.000000
501.500000 513.500000
496.000000 513.000000
491.000000 511.500000
486.000000 510.000000
481.000000 507.500000
476.000000 505.000000
471.500000 503.000000
467.000000 501.000000
462.000000 498.500000
488.000000 502.000000
406.000000 465.000000
394.000000 488.000000
379.000000 510.000000
357.000000 521.000000
356.000000 540.000000
367.500000 544.500000
379.000000 549.000000
386.000000 552.000000
394.000000 555.000000
407.500000 561.500000
421.000000 568.000000
435.000000 553.000000
425.000000 529.000000
432.000000 504.000000
442.000000 479.000000
423.000000 471.000000
413.000000 490.500000
403.000000 510.000000
392.000000 529.000000
317.000000 562.000000
325.000000 560.000000
333.000000 558.000000
342.500000 559.500000
352.000000 561.000000
358.000000 567.000000
364.000000 573.000000
372.500000 576.000000
381.000000 579.000000
390.500000 589.500000
400.000000 600.000000
407.000000 611.000000
414.000000 622.000000
402.500000 623.500000
391.000000 625.000000
379.500000 623.000000
368.000000 621.000000
356.000000 615.500000
344.000000 610.000000
336.000000 603.000000
328.000000 596.000000
323.500000 587.500000
319.000000 579.000000
320.000000 572.000000
321.000000 565.000000
330.000000 569.500000
339.000000 574.000000
348.000000 580.500000
357.000000 587.000000
370.500000 594.500000
384.000000 602.000000
396.500000 611.000000
409.000000 620.000000
395.000000 612.500000
381.000000 605.000000
368.000000 598.000000
355.000000 591.000000
346.000000 584.500000
337.000000 578.000000
329.000000 571.500000
