face_num: 1
183.000000 549.000000
183.000000 568.000000
183.000000 587.000000
185.000000 605.500000
187.000000 624.000000
190.500000 642.500000
194.000000 661.000000
201.000000 679.000000
208.000000 697.000000
218.500000 712.500000
229.000000 728.000000
242.000000 740.500000
255.000000 753.000000
268.500000 765.000000
282.000000 777.000000
296.000000 788.500000
310.000000 800.000000
328.500000 805.000000
347.000000 810.000000
365.500000 806.500000
384.000000 803.000000
399.000000 792.500000
414.000000 782.000000
428.000000 770.500000
442.000000 759.000000
455.000000 746.500000
468.000000 734.000000
479.500000 719.000000
491.000000 704.000000
499.000000 687.500000
507.000000 671.000000
512.500000 653.000000
518.000000 635.000000
522.000000 617.000000
526.000000 599.000000
527.500000 580.000000
529.000000 561.000000
210.000000 526.000000
231.000000 514.000000
243.000000 514.000000
255.000000 514.000000
267.000000 515.500000
279.000000 517.000000
290.000000 520.000000
301.000000 523.000000
309.500000 531.500000
318.000000 540.000000
307.000000 539.500000
296.000000 539.000000
285.500000 536.500000
275.000000 534.000000
264.000000 532.500000
253.000000 531.000000
242.500000 530.000000
232.000000 529.000000
385.000000 546.000000
394.000000 537.000000
403.000000 528.000000
415.000000 525.000000
427.000000 522.000000
439.500000 520.500000
452.000000 519.000000
464.500000 520.500000
477.000000 522.000000
499.000000 537.000000
475.000000 537.000000
464.000000 537.000000
453.000000 537.000000
441.500000 538.500000
430.000000 540.000000
419.000000 542.000000
408.000000 544.000000
396.500000 545.000000
229.000000 574.000000
235.000000 572.500000
241.000000 571.000000
247.000000 570.500000
253.000000 570.000000
259.500000 570.000000
266.000000 570.000000
272.500000 570.000000
279.000000 570.000000
285.500000 571.000000
292.000000 572.000000
298.000000 576.000000
304.000000 580.000000
298.000000 581.500000
292.000000 583.000000
285.500000 584.000000
279.000000 585.000000
273.000000 585.500000
267.000000 586.000000
260.000000 585.500000
253.000000 585.000000
247.000000 583.000000
241.000000 581.000000
235.000000 577.500000
266.000000 577.000000
398.000000 584.000000
404.000000 580.000000
410.000000 576.000000
416.500000 574.500000
423.000000 573.000000
430.500000 572.500000
438.000000 572.000000
445.000000 572.500000
452.000000 573.000000
458.500000 574.000000
465.000000 575.000000
470.500000 577.000000
476.000000 579.000000
470.000000 582.500000
464.000000 586.000000
458.000000 588.000000
452.000000 590.000000
445.000000 590.500000
438.000000 591.000000
431.000000 590.500000
424.000000 590.000000
417.500000 588.500000
411.000000 587.000000
404.500000 585.500000
437.000000 581.000000
330.000000 575.000000
328.000000 608.000000
322.000000 641.000000
303.000000 656.000000
310.000000 678.000000
325.500000 681.500000
341.000000 685.000000
351.000000 685.000000
361.000000 686.000000
377.500000 682.500000
394.000000 679.000000
403.000000 658.000000
381.000000 643.000000
376.000000 609.000000
376.000000 577.000000
353.000000 577.000000
352.500000 607.000000
352.000000 637.000000
352.000000 666.000000
284.000000 716.000000
295.500000 715.500000
307.000000 715.000000
320.000000 715.000000
333.000000 715.000000
343.000000 717.000000
353.000000 719.000000
363.500000 717.500000
374.000000 716.000000
386.500000 716.500000
399.000000 717.000000
410.500000 717.500000
422.000000 718.000000
414.000000 728.000000
406.000000 738.000000
395.500000 744.500000
385.000000 751.000000
370.000000 753.500000
355.000000 756.000000
340.500000 753.000000
326.000000 750.000000
314.500000 743.000000
303.000000 736.000000
296.500000 727.000000
290.000000 718.000000
306.000000 722.000000
322.000000 726.000000
338.000000 728.500000
354.000000 731.000000
370.000000 729.000000
386.000000 727.000000
401.000000 723.500000
416.000000 720.000000
401.000000 724.000000
386.000000 728.000000
370.000000 730.000000
354.000000 732.000000
338.000000 729.000000
322.000000 726.000000
306.000000 722.000000
