face_num: 1
294.000000 605.000000
293.500000 619.500000
293.000000 634.000000
294.500000 648.500000
296.000000 663.000000
299.000000 677.000000
302.000000 691.000000
306.500000 703.500000
311.000000 716.000000
316.500000 725.500000
322.000000 735.000000
327.500000 743.500000
333.000000 752.000000
339.500000 760.000000
346.000000 768.000000
353.500000 774.500000
361.000000 781.000000
371.000000 784.500000
381.000000 788.000000
392.000000 787.000000
403.000000 786.000000
412.500000 781.000000
422.000000 776.000000
430.000000 769.500000
438.000000 763.000000
446.000000 756.000000
454.000000 749.000000
461.000000 740.500000
468.000000 732.000000
474.500000 720.500000
481.000000 709.000000
485.500000 696.500000
490.000000 684.000000
493.000000 671.000000
496.000000 658.000000
498.500000 645.000000
501.000000 632.000000
314.000000 592.000000
326.000000 583.000000
333.500000 583.000000
341.000000 583.000000
348.500000 587.000000
356.000000 591.000000
362.500000 596.000000
369.000000 601.000000
372.500000 608.500000
376.000000 616.000000
369.500000 613.500000
363.000000 611.000000
357.000000 607.500000
351.000000 604.000000
345.000000 601.000000
339.000000 598.000000
332.500000 596.500000
326.000000 595.000000
420.000000 623.000000
425.000000 617.500000
430.000000 612.000000
437.000000 609.500000
444.000000 607.000000
451.500000 606.000000
459.000000 605.000000
466.000000 606.500000
473.000000 608.000000
482.000000 620.000000
470.000000 619.000000
464.000000 618.500000
458.000000 618.000000
451.500000 619.000000
445.000000 620.000000
439.000000 621.000000
433.000000 622.000000
426.500000 622.500000
325.000000 627.000000
328.500000 625.500000
332.000000 624.000000
336.000000 624.000000
340.000000 624.000000
344.000000 624.500000
348.000000 625.000000
352.000000 626.500000
356.000000 628.000000
359.500000 630.000000
363.000000 632.000000
365.500000 635.500000
368.000000 639.000000
364.000000 639.500000
360.000000 640.000000
356.500000 640.500000
353.000000 641.000000
349.000000 641.000000
345.000000 641.000000
341.000000 639.500000
337.000000 638.000000
333.500000 635.500000
330.000000 633.000000
327.500000 630.000000
346.000000 632.000000
422.000000 644.000000
425.500000 641.000000
429.000000 638.000000
432.500000 637.000000
436.000000 636.000000
440.500000 635.500000
445.000000 635.000000
449.000000 635.500000
453.000000 636.000000
456.500000 637.000000
460.000000 638.000000
463.500000 639.500000
467.000000 641.000000
463.500000 643.500000
460.000000 646.000000
456.500000 647.500000
453.000000 649.000000
449.000000 649.500000
445.000000 650.000000
441.000000 649.500000
437.000000 649.000000
433.000000 647.500000
429.000000 646.000000
425.500000 645.000000
444.000000 642.000000
381.000000 637.000000
378.000000 660.000000
373.000000 684.000000
360.000000 692.000000
363.000000 706.000000
372.000000 710.000000
381.000000 714.000000
388.000000 715.000000
396.000000 716.000000
405.500000 714.000000
415.000000 712.000000
421.000000 698.000000
409.000000 688.000000
406.000000 663.000000
408.000000 639.000000
393.000000 639.000000
391.500000 660.500000
390.000000 682.000000
388.000000 702.000000
350.000000 731.000000
356.500000 729.000000
363.000000 727.000000
370.500000 725.500000
378.000000 724.000000
383.500000 726.000000
389.000000 728.000000
395.000000 727.000000
401.000000 726.000000
407.500000 728.500000
414.000000 731.000000
420.000000 733.500000
426.000000 736.000000
421.000000 742.000000
416.000000 748.000000
409.500000 752.000000
403.000000 756.000000
395.000000 757.000000
387.000000 758.000000
378.500000 755.500000
370.000000 753.000000
364.000000 748.000000
358.000000 743.000000
356.000000 737.500000
354.000000 732.000000
362.500000 733.500000
371.000000 735.000000
379.500000 736.500000
388.000000 738.000000
396.500000 737.500000
405.000000 737.000000
413.500000 737.000000
422.000000 737.000000
413.500000 738.000000
405.000000 739.000000
396.500000 739.500000
388.000000 740.000000
379.500000 738.000000
371.000000 736.000000
362.500000 734.000000
