face_num: 1
229.000000 629.000000
225.000000 662.000000
221.000000 695.000000
219.000000 728.500000
217.000000 762.000000
223.500000 796.000000
230.000000 830.000000
239.000000 862.500000
248.000000 895.000000
258.000000 922.000000
268.000000 949.000000
280.000000 975.000000
292.000000 1001.000000
304.500000 1026.000000
317.000000 1051.000000
334.000000 1072.000000
351.000000 1093.000000
377.500000 1102.000000
404.000000 1111.000000
441.000000 1106.000000
478.000000 1101.000000
512.500000 1084.500000
547.000000 1068.000000
576.500000 1045.000000
606.000000 1022.000000
629.500000 994.000000
653.000000 966.000000
669.000000 932.500000
685.000000 899.000000
693.500000 864.500000
702.000000 830.000000
706.500000 795.000000
711.000000 760.000000
712.000000 725.000000
713.000000 690.000000
711.000000 654.500000
709.000000 619.000000
229.000000 580.000000
240.000000 551.000000
252.000000 542.500000
264.000000 534.000000
279.000000 530.500000
294.000000 527.000000
308.500000 528.500000
323.000000 530.000000
335.500000 540.500000
348.000000 551.000000
335.000000 553.500000
322.000000 556.000000
309.500000 556.500000
297.000000 557.000000
284.000000 558.500000
271.000000 560.000000
260.000000 564.500000
249.000000 569.000000
437.000000 546.000000
453.000000 533.500000
469.000000 521.000000
490.000000 519.000000
511.000000 517.000000
532.500000 519.000000
554.000000 521.000000
572.500000 530.000000
591.000000 539.000000
615.000000 574.000000
580.000000 564.000000
563.000000 559.000000
546.000000 554.000000
527.500000 552.500000
509.000000 551.000000
491.000000 551.500000
473.000000 552.000000
455.000000 549.000000
253.000000 645.000000
258.000000 639.000000
263.000000 633.000000
270.000000 628.500000
277.000000 624.000000
285.000000 621.500000
293.000000 619.000000
302.500000 619.500000
312.000000 620.000000
320.000000 622.000000
328.000000 624.000000
335.500000 629.500000
343.000000 635.000000
335.500000 637.500000
328.000000 640.000000
320.500000 642.000000
313.000000 644.000000
305.000000 646.000000
297.000000 648.000000
289.500000 648.500000
282.000000 649.000000
274.500000 649.000000
267.000000 649.000000
260.000000 647.000000
296.000000 635.000000
459.000000 623.000000
466.500000 617.000000
474.000000 611.000000
482.000000 607.500000
490.000000 604.000000
500.000000 603.000000
510.000000 602.000000
520.500000 604.000000
531.000000 606.000000
540.500000 609.500000
550.000000 613.000000
558.500000 619.500000
567.000000 626.000000
557.000000 627.500000
547.000000 629.000000
537.000000 629.500000
527.000000 630.000000
517.500000 629.500000
508.000000 629.000000
499.500000 628.000000
491.000000 627.000000
483.000000 626.000000
475.000000 625.000000
467.000000 624.000000
510.000000 618.000000
361.000000 617.000000
353.000000 663.000000
338.000000 710.000000
318.000000 751.000000
333.000000 785.000000
348.500000 781.500000
364.000000 778.000000
377.000000 777.000000
391.000000 777.000000
417.500000 780.500000
444.000000 784.000000
460.000000 746.000000
426.000000 710.000000
422.000000 663.000000
424.000000 617.000000
387.000000 610.000000
379.000000 649.500000
371.000000 689.000000
365.000000 729.000000
325.000000 912.000000
327.000000 893.000000
329.000000 874.000000
342.000000 861.000000
355.000000 848.000000
367.500000 849.500000
380.000000 851.000000
394.000000 848.000000
408.000000 845.000000
432.000000 856.500000
456.000000 868.000000
474.000000 886.500000
492.000000 905.000000
481.000000 924.500000
470.000000 944.000000
453.500000 958.000000
437.000000 972.000000
415.000000 977.000000
393.000000 982.000000
374.500000 977.500000
356.000000 973.000000
345.500000 959.500000
335.000000 946.000000
334.000000 928.500000
333.000000 911.000000
342.500000 897.500000
352.000000 884.000000
368.500000 880.000000
385.000000 876.000000
410.500000 878.500000
436.000000 881.000000
458.500000 893.000000
481.000000 905.000000
461.500000 918.500000
442.000000 932.000000
418.000000 938.000000
394.000000 944.000000
376.000000 940.000000
358.000000 936.000000
345.500000 923.500000
