face_num: 1
139.000000 725.000000
144.000000 744.000000
149.000000 763.000000
155.500000 781.500000
162.000000 800.000000
170.000000 818.000000
178.000000 836.000000
187.500000 853.000000
197.000000 870.000000
208.500000 885.500000
220.000000 901.000000
233.500000 913.000000
247.000000 925.000000
262.000000 934.500000
277.000000 944.000000
294.500000 949.500000
312.000000 955.000000
332.500000 953.500000
353.000000 952.000000
375.000000 943.500000
397.000000 935.000000
415.000000 921.500000
433.000000 908.000000
446.000000 891.000000
459.000000 874.000000
468.000000 854.000000
477.000000 834.000000
480.500000 812.500000
484.000000 791.000000
482.500000 769.500000
481.000000 748.000000
477.500000 726.000000
474.000000 704.000000
468.500000 682.500000
463.000000 661.000000
455.000000 640.500000
447.000000 620.000000
143.000000 694.000000
149.000000 672.000000
157.000000 664.500000
165.000000 657.000000
176.000000 653.500000
187.000000 650.000000
198.000000 648.500000
209.000000 647.000000
219.000000 652.000000
229.000000 657.000000
221.000000 662.000000
213.000000 667.000000
204.000000 669.500000
195.000000 672.000000
185.500000 675.000000
176.000000 678.000000
167.500000 682.000000
159.000000 686.000000
284.000000 628.000000
291.500000 617.500000
299.000000 607.000000
311.500000 601.500000
324.000000 596.000000
337.500000 593.500000
351.000000 591.000000
364.000000 593.000000
377.000000 595.000000
399.000000 613.000000
376.000000 614.000000
364.500000 614.500000
353.000000 615.000000
341.500000 617.500000
330.000000 620.000000
318.500000 623.000000
307.000000 626.000000
295.500000 627.000000
177.000000 726.000000
180.500000 721.500000
184.000000 717.000000
188.500000 714.000000
193.000000 711.000000
198.500000 708.000000
204.000000 705.000000
210.000000 703.000000
216.000000 701.000000
222.000000 699.500000
228.000000 698.000000
234.000000 699.500000
240.000000 701.000000
235.000000 704.500000
230.000000 708.000000
225.500000 711.000000
221.000000 714.000000
216.000000 717.000000
211.000000 720.000000
205.500000 722.000000
200.000000 724.000000
194.500000 725.000000
189.000000 726.000000
183.000000 726.000000
207.000000 712.000000
316.000000 671.000000
319.500000 666.000000
323.000000 661.000000
328.500000 657.500000
334.000000 654.000000
340.000000 651.500000
346.000000 649.000000
352.500000 648.000000
359.000000 647.000000
365.500000 646.000000
372.000000 645.000000
378.500000 645.500000
385.000000 646.000000
379.500000 650.000000
374.000000 654.000000
368.500000 657.000000
363.000000 660.000000
357.000000 662.500000
351.000000 665.000000
345.000000 666.500000
339.000000 668.000000
333.500000 669.000000
328.000000 670.000000
322.000000 670.500000
349.000000 657.000000
251.000000 685.000000
257.000000 717.000000
261.000000 754.000000
250.000000 781.000000
264.000000 800.000000
277.000000 796.000000
290.000000 792.000000
300.000000 789.000000
310.000000 786.000000
327.000000 781.000000
344.000000 776.000000
346.000000 750.000000
317.000000 737.000000
303.000000 703.000000
295.000000 670.000000
268.000000 677.000000
274.500000 706.000000
281.000000 735.000000
288.000000 764.000000
260.000000 852.000000
266.500000 844.000000
273.000000 836.000000
282.000000 829.500000
291.000000 823.000000
299.500000 823.000000
308.000000 823.000000
316.500000 819.500000
325.000000 816.000000
339.000000 817.000000
353.000000 818.000000
367.500000 820.500000
382.000000 823.000000
374.000000 833.500000
366.000000 844.000000
356.000000 851.500000
346.000000 859.000000
333.000000 863.500000
320.000000 868.000000
307.500000 868.500000
295.000000 869.000000
286.000000 866.000000
277.000000 863.000000
271.500000 857.000000
266.000000 851.000000
277.000000 847.000000
288.000000 843.000000
300.500000 841.000000
313.000000 839.000000
327.500000 835.000000
342.000000 831.000000
358.500000 828.000000
375.000000 825.000000
360.000000 829.000000
345.000000 833.000000
330.000000 837.500000
315.000000 842.000000
302.000000 844.500000
289.000000 847.000000
277.500000 849.000000
