face_num: 1
219.000000 422.000000
218.000000 439.000000
217.000000 456.000000
218.000000 472.500000
219.000000 489.000000
222.000000 505.500000
225.000000 522.000000
229.500000 537.000000
234.000000 552.000000
240.500000 564.500000
247.000000 577.000000
254.000000 589.000000
261.000000 601.000000
269.000000 612.500000
277.000000 624.000000
287.500000 633.500000
298.000000 643.000000
311.500000 647.000000
325.000000 651.000000
338.000000 649.000000
351.000000 647.000000
362.000000 640.500000
373.000000 634.000000
383.000000 626.000000
393.000000 618.000000
402.500000 609.000000
412.000000 600.000000
421.500000 590.000000
431.000000 580.000000
439.000000 567.000000
447.000000 554.000000
453.500000 539.500000
460.000000 525.000000
465.000000 510.500000
470.000000 496.000000
474.500000 481.000000
479.000000 466.000000
246.000000 424.000000
265.000000 416.000000
274.500000 417.500000
284.000000 419.000000
294.000000 423.500000
304.000000 428.000000
313.500000 434.000000
323.000000 440.000000
328.500000 449.500000
334.000000 459.000000
324.000000 456.000000
314.000000 453.000000
305.500000 448.500000
297.000000 444.000000
288.500000 440.500000
280.000000 437.000000
271.500000 434.000000
263.000000 431.000000
381.000000 465.000000
388.000000 458.500000
395.000000 452.000000
404.000000 449.500000
413.000000 447.000000
422.500000 446.500000
432.000000 446.000000
440.500000 448.000000
449.000000 450.000000
461.000000 463.000000
446.000000 465.000000
438.000000 465.000000
430.000000 465.000000
421.500000 465.000000
413.000000 465.000000
405.000000 465.500000
397.000000 466.000000
389.000000 465.500000
255.000000 461.000000
259.500000 463.500000
264.000000 466.000000
268.000000 468.000000
272.000000 470.000000
277.000000 471.500000
282.000000 473.000000
287.000000 473.500000
292.000000 474.000000
297.500000 474.000000
303.000000 474.000000
308.000000 475.000000
313.000000 476.000000
308.000000 475.500000
303.000000 475.000000
298.000000 475.000000
293.000000 475.000000
288.000000 474.500000
283.000000 474.000000
278.000000 472.500000
273.000000 471.000000
268.500000 469.000000
264.000000 467.000000
259.500000 464.000000
283.000000 471.000000
385.000000 486.000000
389.500000 487.000000
394.000000 488.000000
398.500000 489.500000
403.000000 491.000000
407.000000 492.500000
411.000000 494.000000
416.000000 494.000000
421.000000 494.000000
425.500000 493.500000
430.000000 493.000000
435.000000 492.000000
440.000000 491.000000
435.000000 492.500000
430.000000 494.000000
425.000000 494.500000
420.000000 495.000000
415.000000 494.500000
410.000000 494.000000
405.500000 493.000000
401.000000 492.000000
397.000000 490.500000
393.000000 489.000000
389.000000 487.500000
411.000000 491.000000
333.000000 478.000000
331.000000 505.000000
322.000000 533.000000
304.000000 541.000000
307.000000 559.000000
318.500000 566.500000
330.000000 574.000000
340.000000 575.000000
350.000000 577.000000
361.500000 572.000000
373.000000 567.000000
379.000000 551.000000
367.000000 539.000000
366.000000 511.000000
369.000000 483.000000
352.000000 479.000000
349.000000 506.500000
346.000000 534.000000
343.000000 561.000000
291.000000 582.000000
299.500000 582.000000
308.000000 582.000000
317.000000 582.000000
326.000000 582.000000
332.000000 584.000000
338.000000 586.000000
344.500000 585.000000
351.000000 584.000000
358.500000 586.000000
366.000000 588.000000
372.500000 589.500000
379.000000 591.000000
373.000000 598.000000
367.000000 605.000000
360.000000 609.500000
353.000000 614.000000
344.000000 614.500000
335.000000 615.000000
325.000000 612.000000
315.000000 609.000000
308.000000 603.000000
301.000000 597.000000
298.500000 590.500000
296.000000 584.000000
306.000000 587.000000
316.000000 590.000000
326.000000 593.000000
336.000000 596.000000
345.500000 595.500000
355.000000 595.000000
364.500000 593.500000
374.000000 592.000000
365.500000 594.000000
357.000000 596.000000
347.500000 597.000000
338.000000 598.000000
327.500000 595.000000
317.000000 592.000000
306.500000 588.000000
