face_num: 1
109.000000 594.000000
103.000000 628.000000
97.000000 662.000000
93.500000 696.500000
90.000000 731.000000
92.000000 766.500000
94.000000 802.000000
101.500000 836.000000
109.000000 870.000000
119.500000 900.000000
130.000000 930.000000
142.000000 958.000000
154.000000 986.000000
170.000000 1011.500000
186.000000 1037.000000
208.500000 1059.000000
231.000000 1081.000000
262.000000 1091.500000
293.000000 1102.000000
327.000000 1096.000000
361.000000 1090.000000
389.000000 1071.500000
417.000000 1053.000000
439.500000 1030.000000
462.000000 1007.000000
480.000000 980.000000
498.000000 953.000000
512.500000 923.000000
527.000000 893.000000
538.500000 860.000000
550.000000 827.000000
555.500000 792.500000
561.000000 758.000000
563.000000 724.500000
565.000000 691.000000
563.500000 656.500000
562.000000 622.000000
141.000000 552.000000
156.000000 516.000000
168.500000 504.500000
181.000000 493.000000
198.000000 486.000000
215.000000 479.000000
231.000000 478.000000
247.000000 477.000000
261.500000 487.000000
276.000000 497.000000
262.500000 501.000000
249.000000 505.000000
234.500000 507.000000
220.000000 509.000000
205.500000 513.500000
191.000000 518.000000
178.500000 525.500000
166.000000 533.000000
377.000000 506.000000
394.500000 497.500000
412.000000 489.000000
431.000000 492.000000
450.000000 495.000000
467.500000 503.500000
485.000000 512.000000
498.500000 526.000000
512.000000 540.000000
525.000000 582.000000
498.000000 559.000000
485.000000 549.000000
472.000000 539.000000
456.000000 533.000000
440.000000 527.000000
423.500000 523.000000
407.000000 519.000000
392.000000 512.500000
169.000000 599.000000
175.000000 593.500000
181.000000 588.000000
189.000000 584.500000
197.000000 581.000000
206.500000 580.000000
216.000000 579.000000
225.500000 581.500000
235.000000 584.000000
242.500000 589.000000
250.000000 594.000000
256.500000 601.500000
263.000000 609.000000
254.500000 610.000000
246.000000 611.000000
238.000000 611.000000
230.000000 611.000000
221.500000 611.500000
213.000000 612.000000
205.000000 611.000000
197.000000 610.000000
189.500000 608.000000
182.000000 606.000000
175.500000 602.500000
214.000000 598.000000
383.000000 614.000000
391.500000 607.500000
400.000000 601.000000
409.500000 597.500000
419.000000 594.000000
429.500000 593.500000
440.000000 593.000000
450.000000 596.000000
460.000000 599.000000
467.500000 604.500000
475.000000 610.000000
480.000000 617.500000
485.000000 625.000000
477.000000 627.000000
469.000000 629.000000
460.500000 629.000000
452.000000 629.000000
443.000000 628.000000
434.000000 627.000000
425.500000 625.000000
417.000000 623.000000
408.500000 621.000000
400.000000 619.000000
391.500000 616.500000
436.000000 613.000000
289.000000 592.000000
281.000000 637.000000
268.000000 682.000000
238.000000 716.000000
248.000000 753.000000
269.500000 750.500000
291.000000 748.000000
306.000000 749.000000
321.000000 750.000000
346.000000 754.500000
371.000000 759.000000
387.000000 724.000000
358.000000 688.000000
356.000000 641.000000
358.000000 596.000000
323.000000 588.000000
318.000000 624.000000
313.000000 660.000000
309.000000 697.000000
227.000000 890.000000
233.500000 863.500000
240.000000 837.000000
259.500000 820.500000
279.000000 804.000000
292.500000 806.000000
306.000000 808.000000
319.500000 806.000000
333.000000 804.000000
352.500000 821.500000
372.000000 839.000000
380.000000 865.500000
388.000000 892.000000
382.500000 914.500000
377.000000 937.000000
365.500000 954.000000
354.000000 971.000000
333.000000 977.500000
312.000000 984.000000
289.500000 977.000000
267.000000 970.000000
254.500000 952.500000
242.000000 935.000000
238.500000 912.500000
235.000000 890.000000
246.500000 867.500000
258.000000 845.000000
282.500000 837.500000
307.000000 830.000000
330.500000 838.000000
354.000000 846.000000
367.500000 869.000000
381.000000 892.000000
369.000000 913.500000
357.000000 935.000000
335.000000 943.500000
313.000000 952.000000
289.500000 942.500000
266.000000 933.000000
250.500000 911.500000
