face_num: 1
361.000000 751.000000
353.500000 779.500000
346.000000 808.000000
343.000000 837.000000
340.000000 866.000000
339.000000 894.500000
338.000000 923.000000
339.000000 950.000000
340.000000 977.000000
345.500000 1000.500000
351.000000 1024.000000
360.500000 1045.000000
370.000000 1066.000000
382.000000 1085.500000
394.000000 1105.000000
410.500000 1122.500000
427.000000 1140.000000
449.500000 1150.500000
472.000000 1161.000000
496.000000 1163.500000
520.000000 1166.000000
542.000000 1158.500000
564.000000 1151.000000
584.000000 1140.000000
604.000000 1129.000000
622.500000 1115.000000
641.000000 1101.000000
658.000000 1083.500000
675.000000 1066.000000
689.500000 1043.500000
704.000000 1021.000000
717.500000 996.500000
731.000000 972.000000
742.000000 946.000000
753.000000 920.000000
761.500000 892.500000
770.000000 865.000000
411.000000 719.000000
437.000000 703.000000
451.000000 704.000000
465.000000 705.000000
479.000000 712.000000
493.000000 719.000000
504.500000 728.500000
516.000000 738.000000
521.500000 751.500000
527.000000 765.000000
515.000000 760.500000
503.000000 756.000000
492.500000 749.500000
482.000000 743.000000
470.500000 737.500000
459.000000 732.000000
447.000000 728.000000
435.000000 724.000000
627.000000 798.000000
640.500000 789.000000
654.000000 780.000000
670.500000 778.000000
687.000000 776.000000
704.000000 776.500000
721.000000 777.000000
735.500000 783.000000
750.000000 789.000000
763.000000 815.000000
739.000000 813.000000
726.000000 810.500000
713.000000 808.000000
699.000000 807.000000
685.000000 806.000000
670.500000 805.500000
656.000000 805.000000
641.500000 801.500000
427.000000 792.000000
434.500000 790.500000
442.000000 789.000000
449.500000 789.500000
457.000000 790.000000
465.000000 792.000000
473.000000 794.000000
480.500000 798.000000
488.000000 802.000000
494.000000 808.000000
500.000000 814.000000
504.000000 822.000000
508.000000 830.000000
500.500000 829.000000
493.000000 828.000000
485.500000 827.000000
478.000000 826.000000
470.500000 824.000000
463.000000 822.000000
455.500000 818.500000
448.000000 815.000000
442.000000 810.000000
436.000000 805.000000
431.500000 798.500000
467.000000 808.000000
612.000000 862.000000
620.500000 858.000000
629.000000 854.000000
637.000000 852.500000
645.000000 851.000000
654.000000 852.000000
663.000000 853.000000
671.000000 855.500000
679.000000 858.000000
686.000000 861.500000
693.000000 865.000000
698.500000 870.500000
704.000000 876.000000
696.500000 878.500000
689.000000 881.000000
681.000000 882.000000
673.000000 883.000000
665.000000 882.000000
657.000000 881.000000
649.000000 878.500000
641.000000 876.000000
634.000000 872.500000
627.000000 869.000000
619.500000 865.500000
659.000000 867.000000
534.000000 827.000000
521.000000 871.000000
503.000000 914.000000
475.000000 933.000000
478.000000 965.000000
494.500000 969.500000
511.000000 974.000000
523.000000 977.000000
535.000000 981.000000
553.500000 985.500000
572.000000 990.000000
591.000000 965.000000
573.000000 933.000000
579.000000 887.000000
590.000000 843.000000
564.000000 835.000000
553.500000 872.500000
543.000000 910.000000
534.000000 947.000000
437.000000 1035.000000
450.500000 1031.500000
464.000000 1028.000000
478.500000 1026.500000
493.000000 1025.000000
502.500000 1029.500000
512.000000 1034.000000
522.500000 1034.000000
533.000000 1034.000000
544.500000 1041.500000
556.000000 1049.000000
564.000000 1057.500000
572.000000 1066.000000
561.500000 1072.000000
551.000000 1078.000000
538.500000 1081.500000
526.000000 1085.000000
512.000000 1084.000000
498.000000 1083.000000
484.000000 1077.500000
470.000000 1072.000000
460.000000 1064.000000
450.000000 1056.000000
447.000000 1046.500000
444.000000 1037.000000
459.500000 1040.000000
475.000000 1043.000000
490.500000 1048.000000
506.000000 1053.000000
521.500000 1055.000000
537.000000 1057.000000
551.000000 1061.000000
565.000000 1065.000000
551.000000 1061.500000
537.000000 1058.000000
521.500000 1055.500000
506.000000 1053.000000
490.500000 1048.500000
475.000000 1044.000000
459.500000 1040.500000
