face_num: 1
236.000000 816.000000
230.500000 861.000000
225.000000 906.000000
224.500000 952.000000
224.000000 998.000000
229.500000 1043.500000
235.000000 1089.000000
244.500000 1133.000000
254.000000 1177.000000
269.000000 1218.500000
284.000000 1260.000000
307.000000 1296.500000
330.000000 1333.000000
361.000000 1362.000000
392.000000 1391.000000
431.000000 1413.500000
470.000000 1436.000000
517.000000 1444.000000
564.000000 1452.000000
610.000000 1444.000000
656.000000 1436.000000
694.000000 1414.000000
732.000000 1392.000000
762.000000 1363.000000
792.000000 1334.000000
815.500000 1298.000000
839.000000 1262.000000
854.500000 1221.000000
870.000000 1180.000000
880.000000 1136.000000
890.000000 1092.000000
896.500000 1046.500000
903.000000 1001.000000
903.500000 955.000000
904.000000 909.000000
899.000000 864.000000
894.000000 819.000000
280.000000 755.000000
309.000000 709.000000
331.000000 697.500000
353.000000 686.000000
379.000000 684.000000
405.000000 682.000000
429.000000 686.500000
453.000000 691.000000
471.500000 707.500000
490.000000 724.000000
469.000000 727.000000
448.000000 730.000000
426.500000 729.500000
405.000000 729.000000
383.000000 730.000000
361.000000 731.000000
341.000000 736.000000
321.000000 741.000000
653.000000 725.000000
672.000000 707.500000
691.000000 690.000000
717.000000 686.000000
743.000000 682.000000
769.500000 683.500000
796.000000 685.000000
819.500000 694.500000
843.000000 704.000000
876.000000 748.000000
834.000000 736.000000
812.000000 733.000000
790.000000 730.000000
767.000000 729.500000
744.000000 729.000000
721.000000 730.000000
698.000000 731.000000
675.500000 728.000000
329.000000 821.000000
340.500000 813.500000
352.000000 806.000000
365.000000 802.500000
378.000000 799.000000
392.000000 797.500000
406.000000 796.000000
420.000000 798.500000
434.000000 801.000000
446.000000 807.000000
458.000000 813.000000
467.500000 824.000000
477.000000 835.000000
464.500000 835.500000
452.000000 836.000000
440.500000 836.500000
429.000000 837.000000
416.500000 837.000000
404.000000 837.000000
391.000000 836.000000
378.000000 835.000000
365.500000 832.500000
353.000000 830.000000
341.000000 825.500000
404.000000 820.000000
666.000000 837.000000
677.500000 826.500000
689.000000 816.000000
702.500000 810.000000
716.000000 804.000000
731.000000 802.500000
746.000000 801.000000
760.500000 803.500000
775.000000 806.000000
787.500000 812.000000
800.000000 818.000000
809.500000 827.500000
819.000000 837.000000
806.500000 840.000000
794.000000 843.000000
781.500000 844.000000
769.000000 845.000000
756.000000 844.500000
743.000000 844.000000
730.000000 843.000000
717.000000 842.000000
704.500000 840.500000
692.000000 839.000000
679.000000 838.000000
743.000000 827.000000
523.000000 808.000000
520.000000 873.000000
510.000000 941.000000
466.000000 990.000000
484.000000 1039.000000
518.000000 1034.000000
552.000000 1029.000000
572.000000 1029.000000
592.000000 1029.000000
624.000000 1034.500000
656.000000 1040.000000
676.000000 993.000000
634.000000 942.000000
626.000000 874.000000
625.000000 809.000000
575.000000 803.000000
574.500000 855.500000
574.000000 908.000000
574.000000 961.000000
423.000000 1190.000000
443.000000 1162.500000
463.000000 1135.000000
494.000000 1118.500000
525.000000 1102.000000
547.500000 1104.500000
570.000000 1107.000000
592.000000 1104.000000
614.000000 1101.000000
644.000000 1117.000000
674.000000 1133.000000
692.500000 1159.500000
711.000000 1186.000000
695.000000 1205.500000
679.000000 1225.000000
656.000000 1237.500000
633.000000 1250.000000
602.500000 1254.500000
572.000000 1259.000000
540.500000 1255.500000
509.000000 1252.000000
484.500000 1240.000000
460.000000 1228.000000
448.500000 1208.000000
437.000000 1188.000000
467.500000 1170.000000
498.000000 1152.000000
534.000000 1148.000000
570.000000 1144.000000
605.000000 1147.500000
640.000000 1151.000000
669.000000 1167.500000
698.000000 1184.000000
669.500000 1193.000000
641.000000 1202.000000
606.500000 1204.500000
572.000000 1207.000000
536.000000 1205.000000
500.000000 1203.000000
468.500000 1195.500000
