1162 534 1245 534 1245 588 1162 588 2d
1248 534 1545 534 1545 590 1248 590 Animators
1145 611 1268 611 1268 675 1145 675 Hal
1272 611 1563 611 1563 674 1272 674 Newman
1032 697 1186 697 1186 774 1032 774 Jojo
1191 699 1427 699 1427 762 1191 762 Ramos
1432 695 1675 695 1675 757 1432 757 Patrick
1266 839 1450 839 1450 897 1266 897 Editor
1056 918 1236 918 1236 982 1056 982 Zach
1241 916 1656 916 1656 995 1241 995 Aufdemberg
1124 1064 1380 1064 1380 1120 1124 1120 Animatic
1383 1060 1595 1060 1595 1120 1383 1120 Editors
1137 1143 1277 1143 1277 1204 1137 1204 Ron
1280 1138 1580 1138 1580 1202 1280 1202 Babcock
1111 1229 1319 1229 1319 1303 1111 1303 Corey
1326 1224 1603 1224 1603 1289 1326 1289 Bridwell
1118 1373 1391 1373 1391 1429 1118 1429 Assistant
1391 1370 1600 1370 1600 1425 1391 1425 Editors
1066 1449 1246 1449 1246 1515 1066 1515 Miles
1248 1449 1571 1449 1571 1524 1248 1524 Copeland
1579 1448 1660 1448 1660 1511 1579 1511 IV
1108 1535 1305 1535 1305 1600 1108 1600 Steve
1311 1536 1612 1536 1612 1610 1311 1610 Donmyer
1255 1829 1477 1829 1477 1892 1255 1892 ###
