897 1416 1246 1416 1246 1592 897 1592 DO
1297 1416 1786 1416 1786 1588 1297 1588 YOU
1833 1416 2529 1416 2529 1578 1833 1578 WANT
2578 1411 2864 1411 2864 1574 2578 1574 TO
2919 1411 3601 1411 3601 1567 2919 1567 KNOW
3068 1611 3705 1606 3716 1771 3083 1774 MADE
2229 1621 3008 1614 3021 1779 2222 1786 AUSSIE
1429 1623 2168 1623 2168 1797 1429 1797 THESE
781 1636 1381 1636 1381 1808 781 1808 WHY
432 1868 1265 1852 1270 2028 425 2047 SHADE
1334 1847 2123 1841 2129 2004 1334 2022 SHEDS
2193 1838 2624 1829 2633 1994 2177 2004 ARE
2688 1824 3000 1824 3000 1991 2688 1991 SO
3053 1818 4026 1804 4029 1966 3055 1987 STRONG?
