138 271 283 271 283 340 138 340 Veggie
290 275 438 275 438 328 290 328 Combo
443 275 559 275 559 328 443 328 $9.50
560 288 582 288 582 309 560 309 +
584 290 622 290 622 313 584 313 tax
822 287 949 290 947 353 823 335 Turkey
953 288 1137 287 1137 340 952 339 Sandwich
1142 287 1277 287 1277 341 1142 341 Combo
1285 290 1390 290 1390 340 1285 340 $9.50
1392 302 1410 302 1410 321 1392 321 +
1411 304 1447 304 1447 327 1411 327 tax
1430 176 1179 174 1179 155 1429 155 DINER
962 174 833 173 838 155 962 156 DIN
430 166 746 109 729 184 439 180 ###
121 114 230 114 230 179 121 179 ###
232 151 243 151 243 162 232 162 ###
846 842 818 764 838 760 870 836 NER
1014 780 975 716 992 710 1032 778 DIN
914 776 872 726 963 706 1014 789 ###
804 753 801 747 810 747 813 752 ###
1072 778 1183 778 1183 820 1072 820 ###
