192 544 368 546 366 591 192 591 65.000
450 472 625 482 621 525 449 517 Hibiscus
395 523 500 531 498 566 386 566 Ginger.
507 525 580 534 576 565 503 562 Mint.
581 525 684 539 681 573 583 572 Honey
468 922 593 929 590 974 462 968 Peach
186 1009 355 1009 355 1058 186 1058 65.000
368 965 448 973 445 1003 365 1001 Black
450 976 502 976 502 1006 450 1006 tea.
506 977 594 977 591 1005 503 1007 Peach
599 981 686 981 686 1010 599 1010 nectar
412 1003 488 1015 485 1036 411 1038 Cane
491 1016 575 1016 575 1048 491 1048 suger.
578 1011 645 1015 640 1044 575 1040 Mint
820 380 1035 383 1035 487 818 484 Deli
1074 387 1303 396 1302 491 1072 490 Fres
