209 299 487 278 502 359 215 435 Puie
503 296 628 264 641 323 516 353 EGG
648 263 799 224 811 283 659 316 FREE
32 403 711 259 753 421 184 627 Vegtavian
593 532 1116 465 1134 694 693 835 Vegan
25 897 1543 897 1543 1075 25 1075 ###
1858 1022 1915 1022 1915 1076 1858 1076 9“
301 614 415 589 417 625 302 651 MOST
420 589 480 573 482 608 423 625 OF
483 572 578 554 586 588 488 608 OUR
305 663 525 615 534 652 310 701 PRODUCTS
532 614 619 593 627 633 537 649 ARE
308 711 452 682 454 718 315 747 VEGAN
461 680 622 647 629 684 466 715 PLEASE
319 762 404 742 411 778 319 798 ASK
409 743 499 721 511 759 416 778 OUR
505 721 635 694 640 731 514 756 STAFF
309 815 442 786 449 823 317 850 WHILE
447 784 662 739 671 776 454 821 ORDERING
