2 146 668 146 668 287 2 287 moothies
9 317 123 317 123 375 9 375 gurt
135 314 321 314 321 368 135 368 and/or
335 312 549 312 549 371 335 371 sherbet
2 415 139 402 137 454 2 475 6.79
208 409 275 409 275 481 208 481 lrg
289 404 467 404 467 465 289 465 $7.29
821 616 838 616 838 633 821 633 ###
368 679 542 679 542 728 368 728 mango
584 671 829 671 829 730 584 730 pineapple
370 726 565 724 564 777 372 781 passion
572 725 677 725 677 772 572 772 fruit
370 799 458 799 458 853 370 853 cal:
465 799 560 799 560 849 465 849 300
600 799 696 799 696 849 600 849 400
736 800 831 800 831 849 736 849 500
370 616 826 616 826 668 370 668 MANGO-A-GO-GO
