635 488 769 523 720 628 632 603 £7
741 597 823 614 822 648 741 628 EACH
570 625 616 640 617 663 567 651 Terms
618 642 647 647 648 670 617 663 and
648 648 726 667 726 689 649 671 ###
730 669 774 678 769 706 724 692 apply
636 425 766 459 767 503 636 473 Bottles
636 364 787 411 788 446 635 413 Blossom
796 402 865 417 866 463 794 448 Hill
638 152 758 169 758 286 635 262 £5
758 253 841 270 841 304 753 285 EACH
636 70 767 100 766 146 634 117 Bottles
638 10 675 17 674 63 637 56 EI
687 20 783 53 783 89 680 66 Mazo
242 428 313 445 308 475 240 456 £11.49
154 406 219 423 213 451 152 434 £4.79
66 383 128 400 125 428 65 412 £3.69
241 311 312 330 306 359 239 342 £11.49
153 293 217 306 214 336 152 322 £4.79
66 269 127 284 123 314 65 299 £3.69
66 156 128 171 124 200 64 184 £3.69
153 175 221 192 214 220 153 207 £4.79
241 196 310 213 307 242 238 225 £11.49
242 138 310 157 306 184 242 168 Bottle
149 117 222 133 221 164 147 146 250ml
64 99 129 112 127 142 63 127 175ml
1 408 64 424 51 469 1 456 ###
1 753 521 753 521 864 1 864 CTU
564 767 798 767 798 858 564 858 ###
1059 754 1225 754 1225 859 1059 859 R
1064 534 1225 534 1225 677 1064 677 ###
1065 310 1225 310 1225 411 1065 411 ###
1071 67 1223 67 1223 281 1071 281 I
