158 143 839 90 854 231 174 286 BURGERS
180 361 502 343 509 432 189 450 CHEESE
508 345 855 322 863 414 517 428 BURGER
1563 277 1872 247 1878 359 1583 378 11,60€
194 488 527 475 538 566 202 578 BURGER
535 476 763 464 769 550 546 561 CLUB
1559 413 1867 390 1872 495 1571 518 13,90€
210 617 541 603 548 685 216 700 BURGER
552 591 876 574 879 677 560 686 CHÈVRE
1553 555 1870 529 1875 634 1562 655 14,90€
226 745 370 739 378 813 238 820 BIG
376 735 649 728 652 811 387 814 TEXAN
1556 685 1861 670 1865 765 1564 789 14,90€
237 864 566 857 572 935 247 941 BURGER
578 858 897 848 900 927 577 933 AVOCAT
1558 820 1860 809 1861 899 1578 916 15,90€
98 880 206 880 206 908 98 908 NUEVO
944 155 1044 147 1045 173 946 179 VIANDE
948 179 1046 173 1046 197 948 205 BOVINE
941 205 1055 196 1057 223 943 228 FRANQAISA
