1101,773,1206,720,1301,685,1385,654,1460,633,1557,626,1980,636,2175,638,2293,638,2314,1138,2183,1143,1981,1162,1652,1158,1560,1158,1436,1151,1327,1146,1210,1161,995,1176
上好佳

1112,435,1164,435,1164,492,1112,492
R

843,1536,975,1567,1119,1594,1260,1611,1393,1631,1514,1648,1636,1662,1767,1679,1906,1695,2070,1705,2208,1715,2322,1727,2426,1736,2436,1867,2327,1868,2188,1864,2057,1852,1890,1840,1763,1828,1612,1819,1497,1807,1363,1796,1238,1774,1099,1746,955,1730,814,1699
SHRIMP FLAKES

2571,2374,2729,2418,2669,2820,2484,2667
片

285,3547,481,3547,481,3608,285,3608
MADE

332,3604,437,3604,437,3643,332,3643
WITH

258,3643,547,3643,547,3707,258,3707
NATURAL

254,3711,539,3711,539,3768,254,3768
SHRIMRS

2337,1020,2411,1020,2411,1093,2337,1093
R

