944,989,3112,833,3122,1022,957,1159
Vhiten your teeth with ZOOM in 2019.

947,1222,2786,1126,2796,1316,951,1392
Zoom into Tooth Fairy and Co and

957,1469,3519,1359,3522,1535,964,1615
discuss with our wonderful team in chair and 

971,1705,1987,1675,1997,1855,977,1868
take home options.

1853,2168,2609,2185,2616,2308,1857,2275
Tooth Fairy & Co

1624,2283,2891,2306,2901,2431,1634,2403
Thornlands Medical Centre

1474,2391,3066,2418,3066,2531,1480,2498
Shop 5/3 Cleveland Redland Road

1790,2494,2743,2514,2743,2618,1793,2584
Thornlands Qld 4164

1963,2598,2549,2618,2553,2728,1963,2701
07 3488 0899 

1972,2700,2545,2722,2550,2835,1972,2817
07 3488 0911

351,979,361,583,441,583,438,976
AW3617711

884,190,1740,97,2729,47,3575,33,3579,646,2766,699,1790,783,957,863
Whiten Your Teeth

