1315,1883,1828,1874,1828,2043,1329,2043
良    久

1952,1452,2062,1452,2062,1571,1952,1571
R.

728,2208,2520,2208,2520,2520,738,2538
良久灯饰

481,2703,1856,2703,1856,2937,481,2937
科学照明

1008,623,2437,586,2444,668,1008,712
LED台灯

603,638,668,638,668,666,603,666
R

1484,2992,2726,2992,2726,3202,1484,3202
良好视力

668,3464,993,3476,1005,3521,684,3511
光线柔和

728,3517,980,3527,997,3571,739,3564
不刺眼

2030,3729,2300,3729,2300,3798,2030,3798
11类、

2516,3749,2708,3749,2708,3811,2516,3811
标记

1663,3727,1923,3727,1923,3801,1663,3801
CCC  S＆E

1625,3852,2002,3852,2002,3901,1625,3901
执行标准：

2057,3858,2796,3858,2796,3904,2057,3904
GB7000.204-2008

565,3754,759,3760,775,3818,584,3813
###

876,3760,1079,3760,1111,3826,918,3824
###

1194,3763,1396,3769,1435,3832,1240,3826
###

1610,3397,3035,3397,3026,3553,1601,3580
LED台灯

178,750,334,750,334,798,178,798
久

1621,3593,2960,3570,2958,3604,1621,3626
LEDDESKLAMP

